%% From HDR File

% BEAM1_THETA=47.50,BEAM1_PHI=0.00;
% BEAM2_THETA=25.00,BEAM2_PHI=-90.00;
% BEAM3_THETA=47.50,BEAM3_PHI=180.00;
% BEAM4_THETA=25.00,BEAM4_PHI=90.00;

M11=0.6782;
M12=0.0000;
M13=-0.6782;
M14=0.0000;
M21=0.0000;
M22=-1.1831;
M23=0.0000;
M24=1.1831;
M31=0.7400;
M32=0.0000;
M33=0.7400;
M34=0.0000;
M41=0.0000;
M42=0.5518;
M43=0.0000;
M44=0.5518;

% b1        b2          b3      b4
M = [ M11       M12    M13     M14 ;...
      M21       M22    M23     M24 ;...
      M31       M32    M33     M34 ;...
      M41       M42    M43     M44];


